19268
59668
27495
44053
11324
42781
5661
53485
19525
43601
8637
3348
39079
19305
7309
28690
61403
58052
24538
34470
13873
63023
36177
64849
35858
10538
7471
31204
26769
59850
15733
19498
31996
41299
50297
56651
35342
30485
15699
29945
17108
6698
35488
57716
7496
13354
26175
19960
31320
1815
15189
32940
59396
48409
50522
24498
50512
19477
17153
60180
12955
47921
22959
24763
48763
36927
25795
30562
32993
12199
30460
7905
33112
52923
55961
65139
6820
1715
8677
40485
9105
10810
38127
20029
41754
51315
58722
8244
47860
39807
60959
44762
53210
54560
62633
47398
12349
61342
28088
19122
2354
64114
59374
4294
11302
44773
9862
43272
24323
22585
1451
61855
57728
61852
53682
20583
50799
31370
54616
20893
21565
56350
2172
5302
1525
18438
43962
37361
699
30697
58718
35566
3811
58131
64571
52879
33722
58272
58528
39613
50213
58649
32236
14198
49340
24634
5023
11413
22481
27411
40477
39053
61902
38329
32105
32991
31254
17160
19900
26332
25831
34362
19030
54120
36183
10814
61919
58446
26728
2606
14278
35894
62611
29749
8989
11618
25964
23818
58428
25936
23163
41665
62127
20064
21470
13782
60263
39748
32960
28629
40825
53248
14237
9026
62696
29781
49285
35274
100
34206
17181
26438
42953
10413
58880
52030
27829
51559
37189
23156
60436
31750
31406
2006
38482
48395
9595
29551
746
10126
58028
40822
40211
38899
1575
27449
50442
35081
60190
59846
40337
34313
54037
39759
50868
60027
34977
13322
8475
7286
11906
40636
14155
7111
36425
31668
8121
62465
44224
29600
4644
1571
5793
18468
47213
35563
50098
54991
40301
22337
12698
1676
24337
10854
24726
22411
17174
24724
11141
4839
652
11793
24543
44412
34595
52490
27241
10606
39219
46617
8205
12128
15828
56870
28749
21523
38041
32479
52679
58658
11142
30559
2651
34768
63776
21310
54444
37966
59212
23820
5618
3559
14599
20714
5524
21008
12422
45676
36348
34143
32210
104
8263
39467
59145
61566
50210
49483
48703
5285
46027
42666
31897
17837
49860
2228
55859
32815
13791
51245
1485
35992
54717
17722
63801
28808
42829
51979
1939
52854
8542
32182
37782
43561
55306
2490
48626
37840
47
37493
57608
45596
17263
43312
57280
7329
39250
37081
58271
11338
2546
41007
53872
63250
49827
7288
59488
55272
62243
38567
55332
21084
51957
23562
8857
40350
16363
24241
419
55687
14842
37041
64007
13639
23093
50367
38137
55326
60601
65138
48970
887
7320
47363
10427
59640
13992
5371
48447
61725
33180
24636
60250
30143
55496
55279
2357
10734
1964
28246
27878
56278
45399
24164
1828
57458
64482
18835
51499
8629
65529
57687
21072
28888
11058
55598
16170
50671
64362
14635
40447
32244
11933
36521
6697
22386
16153
55938
11569
60942
42106
11580
20474
13495
18503
23309
45958
65365
11772
3856
24375
1513
54143
18195
52398
1578
62855
11330
51063
17478
27777
39121
47901
51607
55146
62416
60637
26424
60418
29442
51691
56477
1060
6907
22377
7662
61391
55319
33021
50484
6211
58287
1530
21104
37688
63481
54763
15401
13181
65288
64490
37241
52951
22125
42838
21293
36253
7425
18345
55433
61453
31837
7041
55495
25942
28382
32713
47628
35282
7848
61033
58368
59945
56820
7005
15732
6575
42294
22214
3051
61397
31931
6557
57262
23806
50561
60557
29051
53024
50285
9263
40531
64460
29636
59129
27691
54487
34202
46732
1648
49131
50806
6956
23676
1359
3676
56414
54741
2086
34788
24538
57678
51173
60723
51146
56380
34962
6636
23990
28554
17194
58268
55304
28602
45687
58
24433
5561
53178
4088
42949
63049
20299
56729
26505
1886
60671
4692
25110
48239
62384
61720
44366
26188
36946
62491
60433
36654
61580
10290
42435
41542
31797
59100
26707
21982
20868
43821
59457
45460
35488
33425
14583
13979
18826
24922
37399
22385
31395
2086
60360
42581
10060
19192
18299
42859
57031
20770
27591
9149
35999
46806
37770
63263
16122
33200
27194
17050
11584
18943
13358
31223
24049
18039
12505
6971
51852
34824
53800
54453
55106
25583
62953
10266
31486
2763
49303
4370
63667
41260
23102
6621
36241
57513
41648
31664
52844
42057
61566
12359
33387
39073
16778
8467
55056
10988
35880
13526
41811
23498
28464
53380
47608
9614
40490
18959
49127
5131
36704
50678
42753
41094
5131
24757
29336
2074
16790
24153
48304
4595
1536
19070
7377
34076
45927
33780
61086
38930
65384
4082
31195
9839
21813
53937
27506
61336
54399
25988
16739
3193
1731
52852
28371
28180
51030
55848
54190
56205
21567
59370
49431
6280
13647
40922
21218
44075
1980
30309
58284
672
9654
40173
56821
11840
9779
16302
3685
32584
55601
51983
56097
8493
27275
41208
44857
20361
59681
51027
24818
60071
29757
60991
4891
59618
40236
56506
54867
34503
10896
10186
15354
8335
56459
49413
54051
17365
18571
47019
44300
1397
34784
45514
9276
48295
41223
33629
9199
30356
6035
40465
38652
19622
28056
16354
51797
4173
4632
36610
55725
51390
58917
41226
26927
24273
19598
36947
20332
41188
29288
44726
35742
57470
61327
61331
12119
44517
437
17740
19735
18196
59713
51069
43067
55212
30906
34994
50041
37628
52446
29406
2802
28737
45087
56175
37650
6143
8020
45266
12091
38932
12846
48611
16331
14145
47025
64085
24503
16496
49388
54182
15342
40523
10615
51059
6989
26905
45403
12158
35408
10100
9755
18566
58160
1655
21428
61574
1736
3086
25140
26207
7736
38352
62432
11626
3379
62732
53808
45636
54105
50546
30856
9439
17547
39692
389
19728
40537
48856
19045
44206
51379
4869
57031
45819
51996
37136
63694
58113
51976
39168
38411
51132
62754
61974
910
14280
1765
42637
64120
29984
57875
3527
19855
65120
5272
26354
36616
44091
36716
25007
65254
55775
47747
10042
30149
40909
38063
46296
2108
32924
55644
13459
27654
40081
3239
4940
3259
34276
30163
47045
33153
64122
12711
21774
13026
4847
44810
32912
26418
16414
47567
8345
16370
47753
9891
24647
2661
47069
51646
35142
27864
56573
31829
42746
44911
25711
1345
25107
38600
25646
1105
37627
59098
30962
57056
7610
51424
64010
52446
1698
34583
14000
51296
40208
40850
15776
23795
42114
19446
22813
20370
40206
45492
58772
21191
34439
56437
1743
33806
36371
65121
12487
11914
8365
48816
38011
15280
32295
23060
32846
